0 361
0 362
0 363
0 361
0 362
0 363
0 361
0 362
0 363
0 469
0 470
1 65
1 66
1 67
1 65
1 66
1 67
1 65
1 66
1 67
1 106
1 107
2 100
2 101
2 102
2 100
2 101
2 102
2 100
2 101
2 102
2 114
2 115
3 282
3 283
3 284
3 282
3 283
3 284
3 282
3 283
3 284
3 89
3 90
4 370
4 371
4 372
4 370
4 371
4 372
4 370
4 371
4 372
4 476
4 477
5 12
5 13
5 14
5 12
5 13
5 14
5 12
5 13
5 14
5 226
5 227
6 45
6 46
6 47
6 45
6 46
6 47
6 45
6 46
6 47
6 41
6 42
7 603
7 604
7 605
7 603
7 604
7 605
7 603
7 604
7 605
7 583
7 584
8 217
8 218
8 219
8 217
8 218
8 219
8 217
8 218
8 219
8 259
8 260
9 233
9 234
9 235
9 233
9 234
9 235
9 233
9 234
9 235
9 2
9 3
0 361
0 362
0 363
0 361
0 362
0 363
0 361
0 362
0 363
0 432
0 433
1 65
1 66
1 67
1 65
1 66
1 67
1 65
1 66
1 67
1 160
1 161
2 100
2 101
2 102
2 100
2 101
2 102
2 100
2 101
2 102
2 65
2 66
3 282
3 283
3 284
3 282
3 283
3 284
3 282
3 283
3 284
3 234
3 235
4 370
4 371
4 372
4 370
4 371
4 372
4 370
4 371
4 372
4 1
4 2
5 12
5 13
5 14
5 12
5 13
5 14
5 12
5 13
5 14
5 46
5 47
6 45
6 46
6 47
6 45
6 46
6 47
6 45
6 46
6 47
6 47
6 48
7 603
7 604
7 605
7 603
7 604
7 605
7 603
7 604
7 605
7 95
7 96
8 217
8 218
8 219
8 217
8 218
8 219
8 217
8 218
8 219
8 109
8 110
9 233
9 234
9 235
9 233
9 234
9 235
9 233
9 234
9 235
9 354
9 355
0 361
0 362
0 363
0 361
0 362
0 363
0 361
0 362
0 363
0 140
0 141
1 65
1 66
1 67
1 65
1 66
1 67
1 65
1 66
1 67
1 200
1 201
2 100
2 101
2 102
2 100
2 101
2 102
2 100
2 101
2 102
2 119
2 120
3 282
3 283
3 284
3 282
3 283
3 284
3 282
3 283
3 284
3 140
3 141
4 370
4 371
4 372
4 370
4 371
4 372
4 370
4 371
4 372
4 532
4 533
5 12
5 13
5 14
5 12
5 13
5 14
5 12
5 13
5 14
5 90
5 91
6 45
6 46
6 47
6 45
6 46
6 47
6 45
6 46
6 47
6 134
6 135
7 603
7 604
7 605
7 603
7 604
7 605
7 603
7 604
7 605
7 109
7 110
8 217
8 218
8 219
8 217
8 218
8 219
8 217
8 218
8 219
8 208
8 209
9 233
9 234
9 235
9 233
9 234
9 235
9 233
9 234
9 235
9 51
9 52
0 361
0 362
0 363
0 361
0 362
0 363
0 361
0 362
0 363
0 42
0 43
1 65
1 66
1 67
1 65
1 66
1 67
1 65
1 66
1 67
1 15
1 16
2 100
2 101
2 102
2 100
2 101
2 102
2 100
2 101
2 102
2 59
2 60
3 282
3 283
3 284
3 282
3 283
3 284
3 282
3 283
3 284
3 108
3 109
4 370
4 371
4 372
4 370
4 371
4 372
4 370
4 371
4 372
4 556
4 557
5 12
5 13
5 14
5 12
5 13
5 14
5 12
5 13
5 14
5 135
5 136
6 45
6 46
6 47
6 45
6 46
6 47
6 45
6 46
6 47
6 75
6 76
7 603
7 604
7 605
7 603
7 604
7 605
7 603
7 604
7 605
7 277
7 278
8 217
8 218
8 219
8 217
8 218
8 219
8 217
8 218
8 219
8 240
8 241
9 233
9 234
9 235
9 233
9 234
9 235
9 233
9 234
9 235
9 406
9 407
0 361
0 362
0 363
0 361
0 362
0 363
0 361
0 362
0 363
0 381
0 382
1 65
1 66
1 67
1 65
1 66
1 67
1 65
1 66
1 67
1 53
1 54
2 100
2 101
2 102
2 100
2 101
2 102
2 100
2 101
2 102
2 166
2 167
3 282
3 283
3 284
3 282
3 283
3 284
3 282
3 283
3 284
3 198
3 199
4 370
4 371
4 372
4 370
4 371
4 372
4 370
4 371
4 372
4 389
4 390
5 12
5 13
5 14
5 12
5 13
5 14
5 12
5 13
5 14
5 219
5 220
6 45
6 46
6 47
6 45
6 46
6 47
6 45
6 46
6 47
6 305
6 306
7 603
7 604
7 605
7 603
7 604
7 605
7 603
7 604
7 605
7 26
7 27
8 217
8 218
8 219
8 217
8 218
8 219
8 217
8 218
8 219
8 269
8 270
9 233
9 234
9 235
9 233
9 234
9 235
9 233
9 234
9 235
9 384
9 385
0 361
0 362
0 363
0 361
0 362
0 363
0 361
0 362
0 363
0 333
0 334
1 65
1 66
1 67
1 65
1 66
1 67
1 65
1 66
1 67
1 154
1 155
2 100
2 101
2 102
2 100
2 101
2 102
2 100
2 101
2 102
2 186
2 187
3 282
3 283
3 284
3 282
3 283
3 284
3 282
3 283
3 284
3 252
3 253
4 370
4 371
4 372
4 370
4 371
4 372
4 370
4 371
4 372
4 596
4 597
5 12
5 13
5 14
5 12
5 13
5 14
5 12
5 13
5 14
5 118
5 119
6 45
6 46
6 47
6 45
6 46
6 47
6 45
6 46
6 47
6 244
6 245
7 603
7 604
7 605
7 603
7 604
7 605
7 603
7 604
7 605
7 450
7 451
8 217
8 218
8 219
8 217
8 218
8 219
8 217
8 218
8 219
8 192
8 193
9 233
9 234
9 235
9 233
9 234
9 235
9 233
9 234
9 235
9 138
9 139
0 361
0 362
0 363
0 361
0 362
0 363
0 361
0 362
0 363
0 54
0 55
1 65
1 66
1 67
1 65
1 66
1 67
1 65
1 66
1 67
1 71
1 72
2 100
2 101
2 102
2 100
2 101
2 102
2 100
2 101
2 102
2 303
2 304
3 282
3 283
3 284
3 282
3 283
3 284
3 282
3 283
3 284
3 113
3 114
4 370
4 371
4 372
4 370
4 371
4 372
4 370
4 371
4 372
4 430
4 431
5 12
5 13
5 14
5 12
5 13
5 14
5 12
5 13
5 14
5 161
5 162
6 45
6 46
6 47
6 45
6 46
6 47
6 45
6 46
6 47
6 199
6 200
7 603
7 604
7 605
7 603
7 604
7 605
7 603
7 604
7 605
7 515
7 516
8 217
8 218
8 219
8 217
8 218
8 219
8 217
8 218
8 219
8 313
8 314
9 233
9 234
9 235
9 233
9 234
9 235
9 233
9 234
9 235
9 419
9 420
0 361
0 362
0 363
0 361
0 362
0 363
0 361
0 362
0 363
0 71
0 72
1 65
1 66
1 67
1 65
1 66
1 67
1 65
1 66
1 67
1 172
1 173
2 100
2 101
2 102
2 100
2 101
2 102
2 100
2 101
2 102
2 74
2 75
3 282
3 283
3 284
3 282
3 283
3 284
3 282
3 283
3 284
3 289
3 290
4 370
4 371
4 372
4 370
4 371
4 372
4 370
4 371
4 372
4 420
4 421
5 12
5 13
5 14
5 12
5 13
5 14
5 12
5 13
5 14
5 14
5 15
6 45
6 46
6 47
6 45
6 46
6 47
6 45
6 46
6 47
6 358
6 359
7 603
7 604
7 605
7 603
7 604
7 605
7 603
7 604
7 605
7 365
7 366
8 217
8 218
8 219
8 217
8 218
8 219
8 217
8 218
8 219
8 67
8 68
9 233
9 234
9 235
9 233
9 234
9 235
9 233
9 234
9 235
9 24
9 25
0 361
0 362
0 363
0 361
0 362
0 363
0 361
0 362
0 363
0 151
0 152
1 65
1 66
1 67
1 65
1 66
1 67
1 65
1 66
1 67
1 77
1 78
2 100
2 101
2 102
2 100
2 101
2 102
2 100
2 101
2 102
2 80
2 81
3 282
3 283
3 284
3 282
3 283
3 284
3 282
3 283
3 284
3 137
3 138
4 370
4 371
4 372
4 370
4 371
4 372
4 370
4 371
4 372
4 530
4 531
5 12
5 13
5 14
5 12
5 13
5 14
5 12
5 13
5 14
5 276
5 277
6 45
6 46
6 47
6 45
6 46
6 47
6 45
6 46
6 47
6 327
6 328
7 603
7 604
7 605
7 603
7 604
7 605
7 603
7 604
7 605
7 474
7 475
8 217
8 218
8 219
8 217
8 218
8 219
8 217
8 218
8 219
8 218
8 219
9 233
9 234
9 235
9 233
9 234
9 235
9 233
9 234
9 235
9 286
9 287
0 361
0 362
0 363
0 361
0 362
0 363
0 361
0 362
0 363
0 464